300 300
297 298
296 300
294 294
298 309
310 302
290 293
307 290
311 290
286 295
285 300
300 315
284 297
314 309
295 284
300 283
283 297
292 284
288 314
318 293
316 311
287 285
315 313
315 287
281 309
309 281
293 321
317 315
277 297
278 291
324 295
321 287
290 277
323 288
319 318
283 280
274 305
273 303
323 315
290 326
297 272
280 280
328 295
278 319
304 271
326 315
294 330
287 328
292 270
330 292
331 303
327 316
267 298
316 329
313 269
332 289
270 316
333 291
266 304
275 324
274 277
268 286
268 315
334 289
295 336
264 295
284 267
311 335
332 280
275 270
262 290
305 339
330 326
336 283
315 263
339 291
303 260
277 333
260 293
340 293
335 321
302 259
291 341
276 335
272 332
332 328
267 273
267 327
312 259
259 287
337 322
269 330
289 258
307 257
265 326
308 257
272 266
310 257
322 261
291 256
316 258
324 338
306 255
327 263
256 287
259 323
347 301
277 259
253 297
268 265
256 318
287 346
298 252
333 265
295 252
342 324
266 265
286 253
258 326
348 312
339 269
251 290
318 253
328 342
256 275
290 350
258 271
342 271
304 351
285 349
313 350
352 302
319 349
278 252
351 284
349 322
353 291
336 340
343 267
259 264
355 295
350 324
324 350
344 266
352 321
330 252
356 309
253 332
357 298
312 356
340 341
261 342
343 338
270 251
270 349
347 266
302 358
316 356
255 337
356 318
350 269
353 274
251 333
271 352
255 261
359 309
282 357
299 360
360 293
358 321
362 291
363 295
340 251
347 343
251 258
365 293
337 354
342 351
293 366
262 355
366 289
252 253
354 260
321 365
364 325
279 366
329 363
265 360
283 368
255 354
362 334
254 354
371 303
363 266
346 355
372 300
361 339
368 275
275 368
277 369
326 368
274 368
373 293
260 362
263 364
374 297
278 371
256 360
368 331
371 324
370 273
308 375
291 375
374 317
293 376
376 290
310 377
341 366
378 298
336 370
268 372
362 349
379 298
360 352
266 372
323 377
243 243
378 321
247 239
282 379
298 381
286 380
348 366
300 382
366 251
285 381
241 242
372 259
374 261
380 275
343 372
359 360
236 245
280 382
327 380
324 381
384 283
233 246
277 383
363 359
386 286
