0 12
1 3
2 4
3 1
4 14
5 2
6 0
7 1
8 15
9 14
10 1
11 10
12 4
13 7
14 4
15 13
16 12
17 5
18 10
19 8
20 2
21 10
22 6
23 13
24 11
25 11
26 11
27 7
28 1
29 0
30 12
31 6
0 25
1 31
2 25
3 18
4 20
5 19
6 21
7 24
8 24
9 20
10 19
11 19
12 31
13 22
14 26
15 24
16 26
17 25
19 30
20 21
21 26
22 23
23 28
24 28
25 19
26 26
27 29
28 16
29 27
30 22
31 21
32 11
33 5
34 7
35 1
36 13
37 4
38 13
39 11
40 9
41 4
42 13
43 9
44 1
45 2
46 3
47 12
48 5
49 13
50 2
51 8
52 3
53 3
54 4
55 2
56 10
57 1
58 5
59 0
60 11
61 2
62 2
32 30
33 16
34 26
35 28
36 16
37 19
38 25
39 18
40 24
41 21
42 25
43 24
44 29
45 20
46 31
47 19
48 20
49 17
50 31
51 30
52 18
53 18
54 30
55 20
56 17
57 22
58 28
59 23
60 17
61 26
62 20
0 34
1 38
2 41
3 43
4 43
5 36
6 36
8 32
9 41
10 36
11 43
12 34
13 43
14 38
15 37
16 43
17 45
18 37
19 36
20 34
21 44
22 41
23 41
24 40
25 43
26 34
27 43
28 40
29 35
30 39
31 33
0 49
1 59
3 50
4 60
5 62
7 50
8 56
9 59
10 60
11 49
12 49
13 49
14 51
15 59
16 53
17 57
18 58
19 55
20 56
21 48
22 51
23 47
24 62
25 58
26 50
27 51
28 62
29 50
30 52
31 56
32 44
33 36
34 45
35 44
36 43
37 36
38 35
39 33
40 37
41 38
42 45
43 42
44 32
45 44
46 42
47 41
48 34
49 38
50 42
51 44
52 36
53 37
54 34
55 37
57 45
58 42
59 32
60 38
61 35
62 46
32 49
33 59
34 54
36 50
37 55
38 48
39 57
40 59
41 47
42 61
43 53
44 55
45 48
46 60
47 53
48 58
49 60
50 54
51 61
52 61
53 59
54 62
55 50
56 56
57 61
58 48
59 55
60 57
61 57
62 58
63 3
64 9
66 5
67 2
68 2
69 2
70 12
71 10
72 4
73 12
74 9
75 2
77 15
78 0
79 7
80 8
81 10
82 7
83 5
84 15
86 13
87 9
88 2
89 12
90 12
91 11
92 10
93 1
63 17
64 16
65 25
66 16
68 20
69 25
70 23
71 21
72 18
73 26
74 18
75 27
76 29
77 21
78 29
79 30
80 25
81 26
82 16
83 30
84 19
85 31
86 28
87 21
88 24
89 26
90 31
91 26
93 18
94 6
98 14
100 13
103 1
106 1
107 4
114 5
115 15
116 15
117 2
123 9
95 20
96 27
97 20
99 23
102 26
104 22
110 20
111 21
119 21
124 31
63 45
64 35
65 36
66 43
67 41
68 46
69 38
70 40
71 39
72 32
73 41
74 39
75 45
76 33
77 44
78 39
79 43
80 34
81 37
82 41
83 39
84 35
85 46
86 42
87 38
88 40
89 42
90 32
91 34
92 34
93 45
63 53
64 52
65 61
66 61
67 52
68 58
69 59
70 51
71 58
72 60
73 51
74 61
75 49
76 58
77 52
78 52
79 57
81 60
82 57
83 54
84 47
85 55
86 58
87 49
88 62
89 54
90 55
91 61
92 60
93 52
96 32
98 46
99 43
104 37
105 34
111 45
113 42
115 35
118 38
120 40
124 38
94 50
95 55
97 62
106 62
110 57
117 51
119 48
121 62
125 52
0 71
1 69
2 68
3 65
4 75
5 65
6 65
7 68
8 64
9 74
10 70
11 78
12 66
13 68
14 66
15 75
16 68
17 69
18 71
19 77
20 63
21 76
22 77
23 68
24 67
25 66
26 64
27 74
28 75
29 77
30 66
31 71
0 81
1 85
2 90
3 91
4 80
5 93
6 88
7 88
8 84
9 86
11 81
12 87
13 93
14 80
15 80
16 82
17 83
18 88
19 83
20 79
21 91
22 86
23 80
24 88
25 88
26 80
27 91
28 91
29 87
30 91
31 84
32 69
33 70
34 65
35 70
36 66
37 75
38 75
39 69
40 67
41 73
42 63
43 72
44 63
45 66
46 71
47 72
48 68
49 65
51 77
52 65
53 67
54 71
55 72
56 74
57 74
58 73
59 69
60 72
61 63
62 67
32 82
34 84
35 81
36 93
37 88
38 93
39 90
40 91
41 87
42 86
43 80
44 91
45 90
46 83
47 88
48 80
49 80
50 84
51 87
52 93
53 86
54 93
55 79
56 85
57 90
59 88
60 82
61 89
62 84
0 97
1 95
2 99
4 96
5 97
6 97
8 95
9 99
10 103
12 97
13 98
14 97
15 105
16 96
18 99
19 94
22 98
23 98
24 96
26 94
28 96
29 99
31 97
4 112
8 121
11 113
12 115
15 123
17 113
23 117
25 120
27 120
29 112
30 114
32 99
33 97
35 99
36 96
38 106
39 97
41 96
42 97
43 96
44 99
45 96
46 97
47 98
49 100
51 99
52 96
53 99
54 107
55 98
56 107
57 98
58 97
59 94
60 94
61 95
62 94
34 113
35 110
36 121
41 121
42 121
44 116
46 116
51 113
58 123
60 122
61 117
63 67
65 71
66 69
68 75
69 77
70 70
71 64
72 74
73 73
74 65
75 67
76 74
77 78
78 71
79 72
80 67
81 66
82 67
83 69
84 67
85 67
86 68
87 66
89 71
91 75
92 77
93 65
63 88
64 80
65 89
66 88
67 90
69 83
70 89
71 89
72 80
73 91
74 86
75 86
76 85
77 80
78 86
80 91
81 86
82 91
83 80
84 86
85 93
86 85
87 87
88 88
89 92
90 79
91 86
92 84
93 79
96 67
98 78
99 72
100 74
101 69
102 66
104 64
106 72
107 78
111 78
112 77
114 73
115 69
116 70
123 70
94 92
95 82
97 92
106 91
109 88
110 89
63 99
64 96
65 97
66 107
67 107
68 105
71 95
73 95
74 97
75 95
76 99
77 99
78 99
79 97
80 94
81 94
82 94
84 106
86 94
87 97
88 94
89 95
90 99
92 97
93 99
63 124
66 110
67 110
70 119
71 120
77 122
78 112
81 119
84 122
85 113
86 114
87 114
88 116
90 118
91 110
92 117
94 94
95 94
96 95
99 96
108 107
114 95
115 99
121 105
122 103
123 101
124 97
125 107
97 122
101 110
106 116
109 112
110 111
111 113
114 125
116 113
117 110
118 117
121 125
123 123
126 8
131 10
135 12
139 0
144 14
146 10
148 15
128 21
132 25
134 18
136 21
138 22
140 23
141 29
142 27
143 19
147 19
149 19
151 31
152 18
154 23
157 16
158 4
159 7
160 15
161 17
162 8
167 25
169 31
172 29
174 8
177 8
178 11
179 22
183 7
184 13
185 8
186 9
126 52
127 61
128 51
129 50
131 32
135 47
136 45
137 44
138 55
140 49
141 60
144 37
145 39
146 49
147 41
148 59
149 50
150 59
151 36
153 40
159 41
160 33
166 38
176 45
180 42
181 46
183 37
184 41
185 37
157 62
162 56
164 48
167 48
168 50
170 58
171 60
173 51
174 52
178 54
186 51
187 52
189 6
190 1
192 1
193 8
196 10
199 14
200 3
206 3
208 0
213 4
216 9
217 5
194 21
195 18
203 22
205 25
207 23
209 22
210 20
211 18
219 28
221 6
222 16
223 9
225 21
226 13
227 31
228 9
230 22
231 26
234 6
237 19
238 16
240 3
242 14
243 19
244 9
245 27
247 29
188 50
189 59
194 60
197 32
199 40
200 58
201 41
202 36
203 33
207 43
208 56
209 54
210 61
212 59
213 36
214 62
217 43
218 49
224 45
225 38
226 35
230 39
231 40
233 42
238 40
243 41
244 45
219 62
221 49
229 49
232 51
235 59
236 51
237 50
240 51
245 49
249 48
250 56
128 76
132 83
133 74
136 90
137 91
138 83
145 77
148 74
150 74
151 82
152 91
153 90
154 86
155 71
156 67
157 93
158 80
160 73
161 64
162 87
164 70
165 66
168 81
170 69
171 79
172 90
173 78
176 72
178 88
179 75
181 69
183 81
187 66
134 107
137 109
138 104
140 96
142 101
144 108
146 103
148 104
150 103
153 99
155 101
127 112
129 110
133 121
135 110
136 125
139 111
144 124
147 120
151 122
154 121
163 105
166 106
168 104
169 96
171 107
172 102
176 107
158 110
161 124
162 120
165 114
167 115
174 110
175 120
177 120
179 125
180 114
181 118
183 117
186 113
187 123
191 90
192 85
193 81
194 65
195 90
196 72
200 70
201 82
202 82
203 84
204 93
205 77
209 69
212 80
213 85
214 67
218 74
219 72
222 64
224 67
225 70
227 66
233 67
240 76
241 69
242 72
247 77
220 87
223 88
225 81
230 88
232 81
234 81
237 86
238 90
243 80
244 89
246 88
190 124
192 117
193 115
195 116
196 119
200 103
202 117
204 122
205 103
206 113
210 122
211 119
214 115
215 111
216 125
217 118
219 104
225 111
226 119
228 107
232 105
234 124
235 123
237 125
238 118
239 125
241 105
242 104
245 123
246 123
247 113
249 109
250 110
2 131
4 139
13 135
16 131
17 127
18 132
19 130
23 135
25 133
28 131
30 139
1 156
5 141
7 148
8 149
10 151
17 141
21 146
24 142
26 155
29 142
33 134
37 135
38 139
40 128
49 129
50 133
51 131
54 134
55 126
57 137
58 136
59 137
62 131
34 149
41 146
42 156
45 145
46 147
47 152
48 146
50 151
53 156
54 150
60 148
2 167
4 163
5 171
7 169
8 165
13 157
19 163
20 169
22 162
26 159
31 163
0 183
1 187
9 173
12 183
14 181
18 186
24 180
27 179
29 182
30 184
32 162
34 159
38 166
41 169
46 158
49 158
50 160
53 167
56 167
61 158
33 173
37 187
39 177
43 172
44 176
48 183
54 186
55 180
57 174
60 175
62 175
63 131
65 126
67 137
76 135
77 131
84 136
86 139
87 128
93 137
66 141
69 155
70 145
73 155
74 141
78 151
79 141
81 145
89 149
90 150
91 155
97 128
100 138
109 136
110 129
114 138
115 136
117 139
118 136
120 126
94 155
99 156
101 142
103 141
105 141
106 145
108 146
112 149
113 143
116 142
119 143
124 154
63 157
64 160
67 158
71 168
72 169
73 165
75 171
78 164
82 164
85 158
88 167
90 162
91 158
92 159
93 162
68 177
69 180
75 177
76 179
80 172
81 178
94 170
100 161
101 160
102 160
104 170
106 168
110 168
112 162
121 171
95 180
96 177
98 187
103 178
107 182
111 183
114 177
115 175
118 181
120 177
123 175
1 189
13 200
15 190
18 198
19 199
24 188
28 197
30 199
0 211
4 211
8 208
10 218
14 204
16 209
20 218
21 204
23 204
25 213
26 209
27 214
33 188
34 188
38 188
44 198
47 203
48 199
49 196
51 201
54 196
57 188
60 194
62 199
32 214
35 214
36 207
39 213
43 218
53 212
55 213
56 213
61 211
0 238
1 235
3 245
4 220
6 237
7 243
10 237
13 241
14 238
17 242
21 248
22 229
24 228
27 222
29 238
31 242
32 219
35 219
37 228
38 231
39 234
48 223
50 224
53 219
54 225
56 234
57 226
58 225
59 228
33 238
34 247
39 240
40 242
42 247
43 236
44 244
49 242
63 190
67 196
73 195
74 188
75 191
76 189
79 192
80 190
81 192
83 200
84 191
85 201
89 191
91 196
93 190
64 216
66 215
71 215
83 204
87 212
88 215
95 193
98 190
99 199
100 190
110 197
111 202
113 189
116 200
121 191
123 193
95 210
102 214
104 205
105 214
109 210
112 208
114 212
118 210
119 205
120 215
122 212
65 240
67 238
68 238
71 239
72 224
75 234
76 220
78 243
79 249
83 242
84 226
85 248
86 242
87 220
89 232
90 225
91 225
92 225
93 231
103 223
106 227
107 221
110 226
113 227
117 220
119 226
122 220
124 225
95 242
96 246
99 245
100 235
101 238
105 235
111 247
116 249
118 239
120 244
125 246
128 129
129 133
130 135
138 131
144 127
146 132
150 136
126 153
130 151
131 145
134 141
136 144
137 149
139 154
141 143
142 142
148 144
149 143
151 153
153 151
156 146
163 133
166 127
168 126
171 135
173 131
176 136
177 130
180 127
182 128
186 138
187 135
159 142
161 149
165 150
167 143
169 142
171 154
172 144
174 154
183 156
184 145
132 164
133 170
134 159
135 186
139 178
140 166
141 182
142 187
143 185
145 170
148 176
149 157
150 170
152 176
153 182
159 170
164 167
167 165
168 161
169 161
170 169
171 157
174 162
175 168
178 169
180 157
181 169
182 162
183 160
186 160
187 168
157 173
161 172
162 174
176 182
185 172
189 155
190 129
192 128
194 137
198 129
199 147
200 129
201 128
205 147
206 146
208 134
210 134
213 138
214 139
215 138
217 152
218 144
221 136
224 139
237 127
239 135
240 126
244 137
248 134
250 134
219 144
223 142
225 150
226 153
231 154
235 147
236 142
238 156
242 151
243 149
245 142
246 146
249 142
190 157
192 185
194 185
196 176
199 160
200 170
201 172
202 174
203 173
206 178
207 166
208 170
209 174
212 176
216 180
217 167
219 158
220 165
222 160
223 164
226 168
227 183
228 169
232 161
233 158
234 170
235 180
238 164
240 178
241 180
246 173
247 181
248 169
249 181
250 186
126 190
129 192
130 208
131 207
133 201
136 194
137 195
139 203
140 213
141 211
145 188
146 194
147 214
150 196
151 200
154 206
155 191
156 202
157 192
159 200
160 211
162 211
163 218
164 196
166 201
169 215
170 191
171 188
172 208
173 201
174 212
177 214
178 209
185 194
186 204
187 208
126 228
131 222
133 234
137 234
138 219
140 230
146 228
152 219
127 237
129 244
130 242
136 244
137 246
141 239
142 248
144 250
145 237
147 248
154 250
155 239
156 246
159 234
160 231
164 221
166 227
170 222
172 231
173 224
175 230
176 223
179 223
184 225
187 232
157 240
161 245
167 245
168 242
171 239
177 237
178 249
182 239
183 248
188 214
189 189
191 192
192 196
193 196
195 207
196 194
197 205
198 198
199 190
201 218
202 199
204 198
205 214
207 188
209 201
213 200
216 213
217 210
219 198
220 209
221 217
222 212
224 216
225 188
226 217
227 216
230 207
233 217
235 193
236 203
239 207
240 208
242 209
244 214
245 208
246 197
247 193
190 223
191 223
192 230
194 231
198 225
205 232
207 222
208 232
211 224
214 219
217 223
218 231
190 248
196 246
197 239
199 250
202 247
203 250
206 235
213 239
215 237
222 220
226 244
227 220
228 224
230 244
231 242
232 220
233 246
236 245
237 235
239 230
241 242
242 225
243 243
247 239
248 220
250 228
252 21
253 27
254 30
255 6
258 10
260 24
261 12
262 19
263 29
264 28
265 5
266 4
267 19
269 23
270 25
273 3
274 27
275 21
281 31
288 19
290 5
291 17
298 20
299 7
301 6
302 4
307 5
309 27
312 0
252 52
254 48
259 47
260 56
262 48
263 50
265 54
267 45
269 42
270 47
275 44
276 43
277 62
278 34
279 51
282 54
283 55
284 42
285 39
286 56
287 60
289 48
290 58
292 38
295 59
296 32
299 44
300 50
301 37
302 53
303 51
312 56
317 22
318 30
320 5
324 15
325 22
330 5
331 4
336 30
337 4
340 13
345 21
347 31
350 15
357 13
359 29
361 14
365 3
367 5
368 10
317 36
324 34
325 58
327 45
329 39
333 41
334 51
335 37
337 36
341 51
343 44
344 61
354 40
361 38
365 46
366 51
370 55
371 48
372 39
373 61
374 39
252 64
254 89
256 93
257 82
261 75
263 85
264 71
265 67
267 88
272 65
273 63
274 90
277 71
283 93
284 73
287 77
288 81
291 67
298 82
301 86
302 86
303 75
305 69
309 65
311 89
312 73
251 119
252 109
255 123
256 95
257 99
258 99
260 113
264 123
265 113
266 106
270 111
272 122
274 111
275 101
276 115
279 100
281 96
285 120
289 99
290 96
292 109
294 97
298 102
299 105
300 97
301 95
303 95
304 119
305 102
308 125
310 101
314 90
315 77
316 66
317 69
319 82
320 76
321 86
326 72
329 86
338 70
340 68
341 84
345 63
347 80
348 73
349 81
350 82
352 83
354 66
355 92
358 81
365 86
369 67
372 90
373 66
375 76
317 102
319 99
321 112
325 99
327 100
330 108
331 118
333 121
338 109
340 122
341 94
342 107
350 121
354 121
356 110
357 118
358 103
359 102
360 99
361 107
362 117
363 119
368 111
372 102
373 117
375 102
376 16
379 13
381 15
383 7
392 26
394 29
397 24
398 5
401 31
403 25
404 14
405 18
406 8
413 25
418 25
420 9
422 15
424 22
426 2
429 22
430 14
433 31
437 17
380 43
386 43
395 49
398 38
401 36
405 37
408 33
409 56
410 54
411 58
412 60
421 49
424 34
425 37
426 43
427 44
431 45
436 37
437 43
439 9
441 18
447 19
448 8
449 21
459 8
461 22
462 25
463 25
465 26
466 4
467 12
469 21
470 26
471 0
474 16
475 11
476 5
478 22
479 26
480 12
482 23
485 15
487 13
491 24
439 48
440 61
441 50
444 56
447 62
448 41
450 60
454 41
456 50
459 45
460 45
462 59
463 44
479 46
481 50
483 34
485 59
486 45
492 32
494 60
495 60
497 40
499 32
376 77
379 91
380 84
386 92
388 67
391 65
393 90
394 64
399 77
403 66
410 93
414 88
415 73
424 64
428 63
429 80
430 82
431 71
433 92
435 78
436 68
376 111
378 106
384 122
385 114
387 120
389 95
391 98
393 119
394 95
396 94
398 121
402 95
405 102
406 106
408 109
411 109
412 110
416 103
417 113
422 107
424 113
426 107
429 116
431 112
437 98
439 91
442 81
443 67
445 89
448 81
449 83
450 76
452 92
453 73
454 63
455 79
460 63
461 66
463 77
465 67
466 74
474 79
478 68
481 68
482 67
486 87
489 64
492 86
496 91
498 86
439 94
445 110
447 121
448 124
449 117
451 118
453 110
456 101
457 119
463 114
464 101
465 104
467 114
468 115
470 99
472 105
474 117
476 122
484 99
485 100
488 125
491 123
492 103
493 115
494 116
498 117
252 126
253 140
256 135
258 138
261 129
262 131
263 127
265 142
270 140
271 153
272 155
274 126
275 146
276 130
277 128
278 153
287 150
288 144
290 150
291 154
293 140
295 150
298 152
299 155
300 149
301 141
307 144
309 150
252 185
253 184
254 186
259 162
260 157
264 168
265 157
267 180
268 158
269 178
270 169
272 157
275 178
276 163
277 187
278 181
280 181
281 160
282 159
283 186
284 159
285 158
288 168
296 166
297 167
298 183
299 168
300 173
302 187
303 169
305 163
307 182
308 159
309 173
310 182
311 168
313 147
314 156
317 139
319 138
321 137
322 130
323 147
325 146
327 147
328 142
334 141
336 140
337 137
338 129
339 144
341 141
342 151
343 149
346 149
350 148
353 153
357 131
360 155
363 127
365 148
366 145
373 149
374 147
375 140
321 172
323 173
324 179
326 180
331 185
336 173
337 184
340 178
342 157
343 180
344 164
346 158
347 175
353 176
355 166
356 171
359 178
360 180
361 183
363 180
365 176
367 171
370 160
372 178
373 169
374 186
251 192
255 204
258 196
259 207
260 218
261 200
263 200
264 190
267 206
269 217
270 194
272 195
273 208
274 208
276 200
278 193
279 189
281 203
282 199
287 200
288 194
290 214
291 206
292 195
293 210
294 210
296 196
298 212
299 200
300 193
301 193
304 209
308 200
310 206
252 223
253 227
257 246
258 221
259 229
261 219
262 231
263 235
265 234
266 236
268 227
273 232
274 248
275 232
277 228
279 221
280 236
284 221
286 236
287 222
288 227
289 243
295 220
296 235
297 241
299 231
300 234
302 229
304 220
305 240
307 233
310 245
312 222
313 195
314 190
322 189
324 192
329 194
333 188
334 190
338 189
342 192
343 198
316 204
318 207
319 212
321 216
327 212
328 204
332 212
335 205
337 204
339 208
341 206
345 191
346 195
347 212
349 214
351 213
352 207
353 188
354 196
356 197
359 195
361 205
365 207
366 199
367 218
368 215
370 213
371 212
313 248
317 236
320 221
321 227
325 237
330 250
331 221
333 236
335 220
336 223
339 238
340 240
343 241
345 223
353 246
354 220
355 223
357 227
359 225
360 224
361 231
370 227
372 250
377 137
379 127
380 126
384 129
386 131
388 155
399 126
403 137
404 144
405 154
406 147
407 140
408 134
409 149
410 134
411 128
414 152
416 148
417 136
419 147
420 154
422 151
423 133
424 146
425 150
427 136
429 130
430 138
433 140
435 156
378 167
388 160
390 174
395 185
408 176
409 159
410 165
415 167
426 174
428 184
430 179
437 168
439 145
440 144
444 136
453 145
459 129
461 128
464 151
465 150
466 133
467 138
470 148
471 147
472 151
473 145
476 126
480 150
481 140
482 126
485 135
490 150
494 143
495 148
438 181
439 170
442 161
444 177
447 187
449 178
450 171
453 166
454 171
457 164
458 165
460 174
461 161
463 165
464 166
465 176
466 168
467 164
468 175
469 184
472 185
473 158
478 177
483 174
484 162
486 184
490 179
493 160
495 161
496 186
498 161
499 164
377 192
379 202
380 208
390 206
391 194
393 207
395 195
396 212
405 200
407 215
409 198
410 211
412 213
417 203
418 216
424 207
435 205
436 195
376 238
377 238
381 228
382 241
383 242
384 238
386 235
387 242
393 242
394 232
396 244
398 220
399 246
402 235
405 233
407 233
411 242
417 244
419 230
420 246
428 234
429 245
431 227
432 226
434 224
437 223
439 198
441 204
447 199
448 189
449 207
450 211
455 206
459 211
462 212
466 214
467 203
471 211
472 204
477 214
478 210
479 193
480 204
483 188
484 212
486 198
488 210
489 191
496 194
499 197
441 222
442 248
443 244
449 249
451 241
453 242
454 222
456 236
461 242
463 242
466 245
470 229
475 231
476 245
480 227
483 239
484 220
487 229
488 245
490 248
491 241
492 244
496 231
498 247
499 234
1 266
2 263
5 252
7 264
8 280
9 263
11 261
13 264
14 274
16 274
17 273
19 275
30 253
32 253
33 280
35 254
36 259
38 269
39 265
42 261
43 274
46 262
50 280
52 265
53 272
54 276
55 257
56 256
58 253
60 262
62 278
0 291
2 306
3 308
9 299
12 287
14 284
18 298
21 291
22 302
23 288
25 302
27 311
29 286
31 292
32 306
34 292
35 306
40 302
44 307
45 287
46 309
48 311
49 282
53 305
54 289
58 293
59 286
60 302
61 282
70 253
71 257
72 261
73 259
77 253
79 262
85 258
86 264
88 264
93 257
63 275
66 268
67 269
68 278
69 268
75 280
80 267
82 281
84 280
91 273
92 280
94 254
95 251
98 262
99 256
109 264
112 257
113 263
114 259
97 268
100 271
101 271
103 268
104 268
106 271
108 272
110 267
111 271
115 275
116 274
120 275
125 269
67 292
71 296
74 295
75 293
76 292
78 286
79 294
81 289
83 294
85 290
88 287
89 282
93 285
63 311
65 300
70 304
77 299
82 310
84 298
87 299
90 302
97 294
103 291
107 296
112 294
113 294
114 286
117 282
123 290
125 285
99 309
105 308
106 301
108 308
109 305
110 309
111 312
115 303
116 306
118 299
121 299
122 308
3 326
11 320
12 326
15 314
17 319
18 319
19 316
20 321
22 322
24 316
27 323
28 323
29 327
31 325
7 334
13 340
14 329
16 334
21 341
23 332
32 336
33 333
34 328
35 318
36 338
37 332
39 342
42 324
43 332
47 342
48 314
49 330
51 314
52 320
55 343
56 327
57 326
58 335
59 332
0 344
2 374
4 348
5 368
6 352
8 358
10 357
12 358
14 349
15 353
16 355
18 359
21 374
23 348
25 358
26 346
28 351
29 371
32 366
33 370
35 345
36 371
37 374
38 362
45 344
47 350
48 375
50 361
51 369
52 369
54 369
56 345
58 360
61 358
62 347
63 330
65 325
66 341
67 315
71 327
72 336
73 331
75 341
76 334
80 325
81 329
83 331
85 343
88 328
89 325
91 335
92 321
93 337
96 320
101 341
103 323
104 314
105 318
107 317
108 337
109 334
111 323
112 336
114 320
116 315
117 315
118 327
119 327
121 331
122 325
65 354
68 355
69 348
70 352
71 356
72 355
73 347
64 375
74 371
75 368
76 372
77 360
78 371
79 360
80 372
81 362
82 365
83 361
84 360
90 375
91 364
94 349
95 365
99 362
100 359
104 348
105 350
106 348
107 347
109 370
110 364
111 345
112 364
114 368
115 365
118 361
120 359
121 351
123 344
124 365
125 360
126 257
128 262
131 272
132 258
134 259
135 258
136 274
137 262
138 251
139 279
142 270
144 268
145 276
146 264
148 280
151 273
152 251
154 252
157 269
159 270
161 271
162 278
164 265
166 280
167 278
168 259
169 278
170 266
171 260
173 265
183 276
184 259
186 275
187 266
129 293
132 288
133 296
135 291
138 288
139 285
141 288
142 292
143 296
147 292
150 283
151 294
128 309
131 311
136 299
140 305
146 304
149 298
153 306
155 304
157 312
158 306
159 297
160 304
163 301
165 312
166 292
167 290
168 282
170 308
172 308
173 290
174 283
176 286
178 284
180 289
181 297
182 292
188 281
189 254
191 251
194 277
195 256
197 276
198 263
201 265
203 274
205 281
206 252
209 274
210 280
212 262
213 262
214 259
217 262
218 251
219 261
221 251
225 271
227 251
229 253
230 254
234 265
235 265
236 255
238 259
241 268
243 277
244 273
246 257
248 269
249 260
250 256
188 305
190 287
196 294
197 296
199 290
200 291
201 291
202 298
203 307
209 304
212 295
213 297
215 298
216 292
217 288
220 310
222 289
224 288
225 310
229 282
231 299
232 290
233 307
234 289
235 295
236 307
237 312
239 292
240 287
241 291
243 306
247 292
248 284
128 330
129 334
130 338
133 334
134 319
139 315
141 322
142 331
143 317
145 341
146 317
148 326
151 324
152 320
154 313
155 341
158 342
159 334
160 313
161 329
162 326
164 342
165 321
166 324
169 332
170 339
171 332
174 331
176 341
177 324
178 333
179 319
181 321
185 314
186 326
127 357
128 364
131 375
132 357
133 362
134 352
135 359
139 362
140 364
145 362
146 352
147 352
148 347
149 352
150 374
153 358
154 350
155 365
156 360
158 374
159 373
161 356
162 366
163 371
166 359
167 351
171 346
172 345
175 362
176 355
177 357
178 344
180 362
182 361
183 361
184 372
185 344
186 369
187 358
188 336
189 324
195 331
197 316
202 318
204 337
205 315
206 320
209 317
211 335
212 327
214 331
216 321
217 325
221 341
223 329
226 342
227 334
229 343
232 330
233 328
234 315
235 322
238 334
239 325
240 324
242 339
243 315
244 333
188 369
192 363
193 368
194 361
199 347
200 357
202 373
203 373
204 358
205 357
214 348
216 357
220 351
221 348
222 346
224 352
226 347
228 357
234 355
241 355
243 356
245 348
248 354
250 355
219 373
223 362
229 375
235 366
237 372
238 364
239 369
242 368
247 367
4 376
5 385
6 404
14 386
15 404
17 392
19 392
21 377
22 394
25 392
31 381
32 389
36 385
37 377
39 384
42 384
44 391
45 383
47 398
49 396
50 392
51 403
52 394
53 376
54 389
60 380
1 419
2 420
9 412
10 421
12 429
13 431
14 434
17 421
20 421
22 420
24 433
26 412
27 408
30 437
33 408
34 408
35 408
37 425
38 413
43 426
44 428
47 418
48 407
49 425
50 418
51 423
53 411
57 427
59 421
63 376
67 386
68 402
71 399
73 377
74 376
77 393
78 392
79 387
83 394
85 379
89 402
90 396
91 378
92 377
93 377
96 394
97 384
98 390
100 392
101 379
103 406
108 377
112 395
113 389
114 391
116 385
119 392
120 400
121 386
122 384
65 434
69 423
70 413
71 418
72 432
73 415
77 407
78 435
85 430
86 411
95 427
97 419
103 426
107 412
108 436
8 460
14 461
16 449
21 439
22 454
26 449
31 464
33 453
35 451
42 459
44 465
48 466
49 438
50 451
51 452
57 466
59 465
60 450
61 439
2 486
3 499
4 496
6 483
11 498
12 499
17 472
20 476
24 478
26 495
30 497
33 483
36 482
41 489
44 483
46 480
47 479
48 472
50 476
51 471
61 482
62 469
64 465
65 455
68 450
69 440
71 459
74 468
75 453
82 442
84 443
85 442
88 466
90 456
95 458
96 443
97 439
100 456
102 449
103 459
112 463
115 442
118 452
122 457
125 467
63 473
67 480
68 469
70 486
71 472
75 482
77 470
88 491
89 473
91 497
92 481
94 482
101 476
102 497
106 488
109 499
110 494
111 469
112 477
114 496
119 494
123 482
127 400
131 379
133 399
134 392
135 391
137 379
138 385
140 394
141 402
143 380
147 403
148 378
150 379
151 376
152 399
153 391
155 398
156 396
157 391
158 398
162 384
165 404
166 380
167 401
168 381
169 401
173 376
176 376
177 385
178 399
180 391
181 383
182 397
184 387
185 398
186 389
126 432
127 418
129 437
130 428
131 430
132 411
133 415
136 423
140 412
141 411
145 420
147 421
148 435
149 416
150 423
151 425
152 421
153 419
154 411
155 437
159 408
162 419
163 414
168 432
172 414
176 426
178 418
185 423
187 425
188 396
189 404
190 391
191 384
192 379
194 389
196 397
201 399
203 383
207 389
208 385
211 402
212 401
216 402
217 377
218 378
219 397
220 398
222 398
223 383
225 397
226 392
228 397
230 402
232 405
234 387
235 378
236 400
237 393
238 389
240 384
243 382
246 403
248 393
249 380
189 436
190 425
192 411
198 435
202 425
203 427
204 429
207 409
208 411
211 429
215 408
217 414
222 412
224 423
225 409
226 409
228 418
233 424
237 422
238 424
240 422
243 414
244 428
246 415
249 424
126 454
128 458
129 468
130 467
131 465
133 449
134 441
138 442
142 446
145 442
147 445
149 445
150 453
151 459
152 438
154 459
155 439
156 438
157 438
162 452
163 446
164 464
165 464
170 467
178 445
180 464
181 462
184 454
185 464
187 457
127 487
131 481
134 481
140 488
142 469
144 491
145 472
147 474
149 475
153 476
155 480
156 487
158 470
159 490
161 479
162 472
166 475
167 481
168 472
169 469
170 489
172 495
173 489
175 489
176 484
178 487
180 482
182 485
184 473
185 493
187 498
189 457
192 448
193 455
194 445
198 450
205 464
206 440
209 438
210 450
217 462
221 439
222 454
225 459
227 467
228 467
233 465
237 457
240 462
244 463
246 444
248 438
250 450
199 488
202 475
206 481
209 497
212 489
213 484
214 477
215 473
219 469
221 475
223 474
228 472
231 481
233 493
234 475
235 488
240 492
246 498
248 470
251 258
252 253
255 261
256 275
258 271
259 264
266 265
267 273
268 265
270 251
272 266
274 277
275 270
277 259
278 252
280 280
283 280
284 267
286 253
289 258
290 277
291 256
292 270
295 252
297 272
298 252
302 259
303 260
304 271
306 255
307 257
308 257
309 281
310 257
312 259
251 290
253 297
256 287
259 287
260 293
262 290
264 295
266 304
267 298
268 286
273 303
274 305
277 297
278 291
281 309
283 297
284 297
285 300
286 295
287 285
290 293
292 284
294 294
295 284
296 300
297 298
298 309
300 283
307 290
310 302
311 290
313 269
315 263
316 258
318 253
322 261
327 263
330 252
332 280
333 265
339 269
340 251
342 271
343 267
344 266
347 266
350 269
353 274
354 260
363 266
366 251
368 275
370 273
372 259
374 261
314 309
315 287
316 311
318 293
321 287
323 288
324 295
328 295
330 292
331 303
332 289
333 291
334 289
336 283
339 291
340 293
347 301
348 312
351 284
352 302
353 291
355 295
356 309
357 298
359 309
360 293
362 291
363 295
365 293
366 289
371 303
372 300
373 293
374 297
251 333
253 332
255 337
256 318
258 326
259 323
261 342
265 326
267 327
268 315
269 330
270 316
272 332
275 324
276 335
277 333
278 319
287 328
288 314
290 326
291 341
293 321
294 330
295 336
300 315
305 339
311 335
254 354
255 354
256 360
260 362
262 355
263 364
265 360
266 372
268 372
270 349
271 352
274 368
275 368
277 369
278 371
279 366
282 357
283 368
285 349
287 346
290 350
291 375
293 366
299 360
302 358
304 351
308 375
312 356
315 313
316 329
317 315
319 318
323 315
324 338
326 315
327 316
328 342
330 326
332 328
335 321
336 340
337 322
340 341
342 324
343 338
347 343
349 322
350 324
352 321
356 318
358 321
361 339
362 334
364 325
368 331
371 324
374 317
313 350
316 356
319 349
321 365
324 350
326 368
329 363
336 370
337 354
341 366
342 351
343 372
346 355
348 366
352 371
357 367
359 360
360 352
362 349
363 359
364 369
365 366
370 371
371 361
372 368
375 372
376 254
380 275
387 277
392 272
393 259
404 276
411 255
412 270
413 275
414 272
418 251
422 254
424 277
425 260
426 273
427 266
428 262
435 269
436 275
437 265
376 290
378 298
379 298
384 283
386 286
388 300
391 289
392 311
394 286
395 295
398 296
400 307
406 285
409 302
411 303
415 304
420 290
422 303
423 303
424 304
425 295
432 309
433 295
436 305
437 312
438 261
440 258
441 281
444 278
447 270
451 268
452 266
454 275
456 269
459 277
461 256
462 262
468 255
471 252
477 275
480 263
483 266
490 254
496 253
497 258
499 251
442 304
444 296
454 297
456 302
458 292
460 285
462 287
466 288
467 307
471 289
472 290
474 297
477 301
484 282
486 284
490 307
492 302
494 302
498 299
378 321
379 337
382 343
387 333
389 328
390 337
392 313
394 337
397 322
398 331
400 332
402 320
403 335
405 343
407 332
408 320
411 313
412 341
414 317
422 323
423 326
429 340
430 316
437 325
379 374
380 360
382 356
383 365
384 357
389 367
399 368
401 374
404 351
405 358
406 361
410 371
411 355
413 360
415 344
432 375
433 366
436 357
438 324
442 319
443 316
444 314
446 324
447 314
448 313
459 315
463 317
464 319
465 324
466 330
468 338
472 313
474 333
477 316
481 325
482 339
485 329
487 337
490 328
491 320
495 313
496 321
499 332
438 344
439 359
440 375
442 375
444 374
452 359
457 350
459 354
460 344
463 367
465 355
469 361
471 347
473 347
475 350
476 375
480 362
481 361
487 360
491 374
495 347
498 373
499 366
251 397
256 387
257 394
259 399
260 392
262 388
263 397
271 394
274 386
277 383
278 390
279 395
280 382
282 379
285 381
286 380
287 389
289 387
291 388
293 376
298 381
299 395
300 382
302 394
303 394
305 399
310 377
311 404
253 411
256 408
258 410
263 419
265 418
266 417
268 413
270 414
278 429
280 425
283 424
284 424
288 437
290 436
292 435
293 409
294 416
299 437
306 421
309 428
310 407
312 433
314 392
323 377
324 381
326 400
327 380
336 403
337 404
339 386
347 388
350 376
353 381
354 390
357 396
360 400
364 384
366 383
369 381
371 389
374 388
316 426
317 414
322 431
324 414
326 417
331 433
334 433
336 431
337 422
339 411
340 407
344 415
347 410
352 418
353 423
354 435
358 430
359 408
361 437
364 423
366 433
367 437
370 433
371 413
255 460
257 468
260 447
261 442
263 441
264 453
265 438
267 459
268 447
269 450
272 441
273 467
285 459
286 459
289 465
291 468
294 438
296 452
297 442
300 461
301 466
302 453
303 448
306 465
307 452
308 452
309 464
251 484
255 483
260 469
261 486
263 481
271 493
272 473
273 478
277 493
278 486
280 473
281 482
283 486
285 487
286 493
290 478
291 482
292 495
293 474
294 472
295 489
296 469
298 496
301 484
311 475
313 454
314 452
317 445
321 449
324 457
327 465
331 451
338 441
339 445
343 467
347 462
348 463
350 446
351 448
353 468
354 441
358 443
359 444
360 446
364 441
365 450
373 458
317 492
318 499
320 472
323 499
325 490
326 498
328 480
329 476
330 493
331 475
332 499
336 478
339 474
343 473
346 487
352 485
358 476
359 496
360 472
362 471
363 484
368 471
371 489
374 473
380 394
382 395
383 377
387 401
396 403
400 377
402 376
406 397
408 389
409 404
410 406
412 401
413 393
414 387
415 405
418 378
421 401
422 399
426 378
429 393
431 396
435 392
376 424
377 407
378 419
380 435
383 419
384 429
385 431
386 416
390 412
394 432
396 410
397 412
398 421
399 437
402 425
403 433
404 423
405 410
406 407
408 430
409 421
410 411
413 418
415 418
419 418
421 431
423 418
425 408
426 407
428 411
430 417
431 434
432 436
435 417
438 391
442 396
444 406
448 404
449 401
453 378
459 389
464 398
466 378
467 406
470 399
474 384
478 391
479 397
482 388
483 393
487 394
488 398
489 403
490 395
492 383
494 404
497 378
438 408
440 423
442 417
446 408
449 433
450 419
451 430
454 436
455 423
457 410
458 415
459 425
466 425
467 425
472 422
475 415
476 417
481 414
482 428
488 407
490 424
492 407
493 412
496 410
499 430
376 460
386 440
387 443
388 440
392 448
393 460
395 440
398 446
400 438
401 441
403 445
408 447
412 460
413 447
419 455
421 449
430 448
431 453
433 443
378 469
387 482
389 488
395 481
397 496
399 494
401 480
402 479
403 489
408 470
412 492
413 487
416 490
419 484
425 485
427 477
428 491
432 494
433 479
439 465
441 458
442 447
447 461
450 440
452 448
453 457
456 449
457 455
460 447
463 456
464 449
466 444
468 441
469 444
470 443
473 455
482 448
488 458
490 467
492 463
499 447
440 496
448 473
449 488
450 495
461 480
464 470
473 493
475 495
478 480
479 487
483 475
490 477
491 499
495 482
