0 0 1000 1000
0 0 500 500
0 0 250 250
0 0 125 125
0 0 62.5 62.5
0 0 31.25 31.25
0 0 15.625 15.625
15.625 0 15.625 15.625
0 15.625 15.625 15.625
15.625 15.625 15.625 15.625
31.25 0 31.25 31.25
31.25 0 15.625 15.625
46.875 0 15.625 15.625
31.25 15.625 15.625 15.625
46.875 15.625 15.625 15.625
0 31.25 31.25 31.25
0 31.25 15.625 15.625
15.625 31.25 15.625 15.625
0 46.875 15.625 15.625
15.625 46.875 15.625 15.625
31.25 31.25 31.25 31.25
31.25 31.25 15.625 15.625
46.875 31.25 15.625 15.625
31.25 46.875 15.625 15.625
46.875 46.875 15.625 15.625
62.5 0 62.5 62.5
62.5 0 31.25 31.25
62.5 0 15.625 15.625
78.125 0 15.625 15.625
62.5 15.625 15.625 15.625
78.125 15.625 15.625 15.625
93.75 0 31.25 31.25
93.75 0 15.625 15.625
109.375 0 15.625 15.625
93.75 15.625 15.625 15.625
109.375 15.625 15.625 15.625
62.5 31.25 31.25 31.25
62.5 31.25 15.625 15.625
78.125 31.25 15.625 15.625
62.5 46.875 15.625 15.625
78.125 46.875 15.625 15.625
93.75 31.25 31.25 31.25
93.75 31.25 15.625 15.625
109.375 31.25 15.625 15.625
93.75 46.875 15.625 15.625
109.375 46.875 15.625 15.625
0 62.5 62.5 62.5
0 62.5 31.25 31.25
0 62.5 15.625 15.625
15.625 62.5 15.625 15.625
0 78.125 15.625 15.625
15.625 78.125 15.625 15.625
31.25 62.5 31.25 31.25
31.25 62.5 15.625 15.625
46.875 62.5 15.625 15.625
31.25 78.125 15.625 15.625
46.875 78.125 15.625 15.625
0 93.75 31.25 31.25
0 93.75 15.625 15.625
15.625 93.75 15.625 15.625
0 109.375 15.625 15.625
15.625 109.375 15.625 15.625
31.25 93.75 31.25 31.25
31.25 93.75 15.625 15.625
46.875 93.75 15.625 15.625
31.25 109.375 15.625 15.625
46.875 109.375 15.625 15.625
62.5 62.5 62.5 62.5
62.5 62.5 31.25 31.25
62.5 62.5 15.625 15.625
78.125 62.5 15.625 15.625
62.5 78.125 15.625 15.625
78.125 78.125 15.625 15.625
93.75 62.5 31.25 31.25
93.75 62.5 15.625 15.625
109.375 62.5 15.625 15.625
93.75 78.125 15.625 15.625
109.375 78.125 15.625 15.625
62.5 93.75 31.25 31.25
62.5 93.75 15.625 15.625
78.125 93.75 15.625 15.625
62.5 109.375 15.625 15.625
78.125 109.375 15.625 15.625
93.75 93.75 31.25 31.25
93.75 93.75 15.625 15.625
109.375 93.75 15.625 15.625
93.75 109.375 15.625 15.625
109.375 109.375 15.625 15.625
125 0 125 125
125 0 62.5 62.5
125 0 31.25 31.25
125 0 15.625 15.625
140.625 0 15.625 15.625
125 15.625 15.625 15.625
140.625 15.625 15.625 15.625
156.25 0 31.25 31.25
125 31.25 31.25 31.25
156.25 31.25 31.25 31.25
156.25 31.25 15.625 15.625
171.875 31.25 15.625 15.625
156.25 46.875 15.625 15.625
171.875 46.875 15.625 15.625
187.5 0 62.5 62.5
187.5 0 31.25 31.25
187.5 0 15.625 15.625
203.125 0 15.625 15.625
187.5 15.625 15.625 15.625
203.125 15.625 15.625 15.625
218.75 0 31.25 31.25
187.5 31.25 31.25 31.25
218.75 31.25 31.25 31.25
218.75 31.25 15.625 15.625
234.375 31.25 15.625 15.625
218.75 46.875 15.625 15.625
234.375 46.875 15.625 15.625
125 62.5 62.5 62.5
125 62.5 31.25 31.25
156.25 62.5 31.25 31.25
125 93.75 31.25 31.25
125 93.75 15.625 15.625
140.625 93.75 15.625 15.625
125 109.375 15.625 15.625
140.625 109.375 15.625 15.625
156.25 93.75 31.25 31.25
156.25 93.75 15.625 15.625
171.875 93.75 15.625 15.625
156.25 109.375 15.625 15.625
171.875 109.375 15.625 15.625
187.5 62.5 62.5 62.5
187.5 62.5 31.25 31.25
218.75 62.5 31.25 31.25
218.75 62.5 15.625 15.625
234.375 62.5 15.625 15.625
218.75 78.125 15.625 15.625
234.375 78.125 15.625 15.625
187.5 93.75 31.25 31.25
218.75 93.75 31.25 31.25
0 125 125 125
0 125 62.5 62.5
0 125 31.25 31.25
0 125 15.625 15.625
15.625 125 15.625 15.625
0 140.625 15.625 15.625
15.625 140.625 15.625 15.625
31.25 125 31.25 31.25
31.25 125 15.625 15.625
46.875 125 15.625 15.625
31.25 140.625 15.625 15.625
46.875 140.625 15.625 15.625
0 156.25 31.25 31.25
0 156.25 15.625 15.625
15.625 156.25 15.625 15.625
0 171.875 15.625 15.625
15.625 171.875 15.625 15.625
31.25 156.25 31.25 31.25
31.25 156.25 15.625 15.625
46.875 156.25 15.625 15.625
31.25 171.875 15.625 15.625
46.875 171.875 15.625 15.625
62.5 125 62.5 62.5
62.5 125 31.25 31.25
62.5 125 15.625 15.625
78.125 125 15.625 15.625
62.5 140.625 15.625 15.625
78.125 140.625 15.625 15.625
93.75 125 31.25 31.25
93.75 125 15.625 15.625
109.375 125 15.625 15.625
93.75 140.625 15.625 15.625
109.375 140.625 15.625 15.625
62.5 156.25 31.25 31.25
62.5 156.25 15.625 15.625
78.125 156.25 15.625 15.625
62.5 171.875 15.625 15.625
78.125 171.875 15.625 15.625
93.75 156.25 31.25 31.25
93.75 156.25 15.625 15.625
109.375 156.25 15.625 15.625
93.75 171.875 15.625 15.625
109.375 171.875 15.625 15.625
0 187.5 62.5 62.5
0 187.5 31.25 31.25
0 187.5 15.625 15.625
15.625 187.5 15.625 15.625
0 203.125 15.625 15.625
15.625 203.125 15.625 15.625
31.25 187.5 31.25 31.25
31.25 187.5 15.625 15.625
46.875 187.5 15.625 15.625
31.25 203.125 15.625 15.625
46.875 203.125 15.625 15.625
0 218.75 31.25 31.25
31.25 218.75 31.25 31.25
31.25 218.75 15.625 15.625
46.875 218.75 15.625 15.625
31.25 234.375 15.625 15.625
46.875 234.375 15.625 15.625
62.5 187.5 62.5 62.5
62.5 187.5 31.25 31.25
62.5 187.5 15.625 15.625
78.125 187.5 15.625 15.625
62.5 203.125 15.625 15.625
78.125 203.125 15.625 15.625
93.75 187.5 31.25 31.25
93.75 187.5 15.625 15.625
109.375 187.5 15.625 15.625
93.75 203.125 15.625 15.625
109.375 203.125 15.625 15.625
62.5 218.75 31.25 31.25
93.75 218.75 31.25 31.25
93.75 218.75 15.625 15.625
109.375 218.75 15.625 15.625
93.75 234.375 15.625 15.625
109.375 234.375 15.625 15.625
125 125 125 125
125 125 62.5 62.5
125 125 31.25 31.25
125 125 15.625 15.625
140.625 125 15.625 15.625
125 140.625 15.625 15.625
140.625 140.625 15.625 15.625
156.25 125 31.25 31.25
156.25 125 15.625 15.625
171.875 125 15.625 15.625
156.25 140.625 15.625 15.625
171.875 140.625 15.625 15.625
125 156.25 31.25 31.25
156.25 156.25 31.25 31.25
156.25 156.25 15.625 15.625
171.875 156.25 15.625 15.625
156.25 171.875 15.625 15.625
171.875 171.875 15.625 15.625
187.5 125 62.5 62.5
187.5 125 31.25 31.25
218.75 125 31.25 31.25
218.75 125 15.625 15.625
234.375 125 15.625 15.625
218.75 140.625 15.625 15.625
234.375 140.625 15.625 15.625
187.5 156.25 31.25 31.25
218.75 156.25 31.25 31.25
125 187.5 62.5 62.5
125 187.5 31.25 31.25
156.25 187.5 31.25 31.25
125 218.75 31.25 31.25
125 218.75 15.625 15.625
140.625 218.75 15.625 15.625
125 234.375 15.625 15.625
140.625 234.375 15.625 15.625
156.25 218.75 31.25 31.25
156.25 218.75 15.625 15.625
171.875 218.75 15.625 15.625
156.25 234.375 15.625 15.625
171.875 234.375 15.625 15.625
187.5 187.5 62.5 62.5
187.5 187.5 31.25 31.25
218.75 187.5 31.25 31.25
187.5 218.75 31.25 31.25
187.5 218.75 15.625 15.625
203.125 218.75 15.625 15.625
187.5 234.375 15.625 15.625
203.125 234.375 15.625 15.625
218.75 218.75 31.25 31.25
250 0 250 250
250 0 125 125
250 0 62.5 62.5
250 0 31.25 31.25
281.25 0 31.25 31.25
250 31.25 31.25 31.25
281.25 31.25 31.25 31.25
312.5 0 62.5 62.5
312.5 0 31.25 31.25
343.75 0 31.25 31.25
312.5 31.25 31.25 31.25
343.75 31.25 31.25 31.25
250 62.5 62.5 62.5
250 62.5 31.25 31.25
281.25 62.5 31.25 31.25
250 93.75 31.25 31.25
281.25 93.75 31.25 31.25
312.5 62.5 62.5 62.5
312.5 62.5 31.25 31.25
343.75 62.5 31.25 31.25
312.5 93.75 31.25 31.25
343.75 93.75 31.25 31.25
375 0 125 125
375 0 62.5 62.5
375 0 31.25 31.25
406.25 0 31.25 31.25
375 31.25 31.25 31.25
406.25 31.25 31.25 31.25
437.5 0 62.5 62.5
437.5 0 31.25 31.25
468.75 0 31.25 31.25
437.5 31.25 31.25 31.25
468.75 31.25 31.25 31.25
375 62.5 62.5 62.5
375 62.5 31.25 31.25
406.25 62.5 31.25 31.25
375 93.75 31.25 31.25
406.25 93.75 31.25 31.25
437.5 62.5 62.5 62.5
437.5 62.5 31.25 31.25
468.75 62.5 31.25 31.25
437.5 93.75 31.25 31.25
468.75 93.75 31.25 31.25
250 125 125 125
250 125 62.5 62.5
250 125 31.25 31.25
281.25 125 31.25 31.25
250 156.25 31.25 31.25
281.25 156.25 31.25 31.25
312.5 125 62.5 62.5
312.5 125 31.25 31.25
343.75 125 31.25 31.25
312.5 156.25 31.25 31.25
343.75 156.25 31.25 31.25
250 187.5 62.5 62.5
250 187.5 31.25 31.25
281.25 187.5 31.25 31.25
250 218.75 31.25 31.25
281.25 218.75 31.25 31.25
312.5 187.5 62.5 62.5
312.5 187.5 31.25 31.25
312.5 187.5 15.625 15.625
328.125 187.5 15.625 15.625
312.5 203.125 15.625 15.625
328.125 203.125 15.625 15.625
343.75 187.5 31.25 31.25
312.5 218.75 31.25 31.25
343.75 218.75 31.25 31.25
375 125 125 125
375 125 62.5 62.5
375 125 31.25 31.25
406.25 125 31.25 31.25
375 156.25 31.25 31.25
406.25 156.25 31.25 31.25
437.5 125 62.5 62.5
437.5 125 31.25 31.25
468.75 125 31.25 31.25
437.5 156.25 31.25 31.25
468.75 156.25 31.25 31.25
375 187.5 62.5 62.5
375 187.5 31.25 31.25
406.25 187.5 31.25 31.25
375 218.75 31.25 31.25
406.25 218.75 31.25 31.25
437.5 187.5 62.5 62.5
437.5 187.5 31.25 31.25
468.75 187.5 31.25 31.25
437.5 218.75 31.25 31.25
468.75 218.75 31.25 31.25
0 250 250 250
0 250 125 125
0 250 62.5 62.5
0 250 31.25 31.25
31.25 250 31.25 31.25
0 281.25 31.25 31.25
31.25 281.25 31.25 31.25
62.5 250 62.5 62.5
62.5 250 31.25 31.25
62.5 250 15.625 15.625
78.125 250 15.625 15.625
62.5 265.625 15.625 15.625
78.125 265.625 15.625 15.625
93.75 250 31.25 31.25
93.75 250 15.625 15.625
109.375 250 15.625 15.625
93.75 265.625 15.625 15.625
109.375 265.625 15.625 15.625
62.5 281.25 31.25 31.25
62.5 281.25 15.625 15.625
78.125 281.25 15.625 15.625
62.5 296.875 15.625 15.625
78.125 296.875 15.625 15.625
93.75 281.25 31.25 31.25
93.75 281.25 15.625 15.625
109.375 281.25 15.625 15.625
93.75 296.875 15.625 15.625
109.375 296.875 15.625 15.625
0 312.5 62.5 62.5
0 312.5 31.25 31.25
0 312.5 15.625 15.625
15.625 312.5 15.625 15.625
0 328.125 15.625 15.625
15.625 328.125 15.625 15.625
31.25 312.5 31.25 31.25
0 343.75 31.25 31.25
31.25 343.75 31.25 31.25
62.5 312.5 62.5 62.5
62.5 312.5 31.25 31.25
93.75 312.5 31.25 31.25
62.5 343.75 31.25 31.25
62.5 343.75 15.625 15.625
78.125 343.75 15.625 15.625
62.5 359.375 15.625 15.625
78.125 359.375 15.625 15.625
93.75 343.75 31.25 31.25
125 250 125 125
125 250 62.5 62.5
125 250 31.25 31.25
156.25 250 31.25 31.25
125 281.25 31.25 31.25
125 281.25 15.625 15.625
140.625 281.25 15.625 15.625
125 296.875 15.625 15.625
140.625 296.875 15.625 15.625
156.25 281.25 31.25 31.25
187.5 250 62.5 62.5
187.5 250 31.25 31.25
218.75 250 31.25 31.25
187.5 281.25 31.25 31.25
218.75 281.25 31.25 31.25
125 312.5 62.5 62.5
125 312.5 31.25 31.25
156.25 312.5 31.25 31.25
125 343.75 31.25 31.25
156.25 343.75 31.25 31.25
187.5 312.5 62.5 62.5
187.5 312.5 31.25 31.25
218.75 312.5 31.25 31.25
187.5 343.75 31.25 31.25
218.75 343.75 31.25 31.25
218.75 343.75 15.625 15.625
234.375 343.75 15.625 15.625
218.75 359.375 15.625 15.625
234.375 359.375 15.625 15.625
0 375 125 125
0 375 62.5 62.5
0 375 31.25 31.25
31.25 375 31.25 31.25
0 406.25 31.25 31.25
31.25 406.25 31.25 31.25
62.5 375 62.5 62.5
62.5 375 31.25 31.25
93.75 375 31.25 31.25
62.5 406.25 31.25 31.25
93.75 406.25 31.25 31.25
0 437.5 62.5 62.5
0 437.5 31.25 31.25
31.25 437.5 31.25 31.25
0 468.75 31.25 31.25
31.25 468.75 31.25 31.25
62.5 437.5 62.5 62.5
62.5 437.5 31.25 31.25
93.75 437.5 31.25 31.25
62.5 468.75 31.25 31.25
93.75 468.75 31.25 31.25
125 375 125 125
125 375 62.5 62.5
125 375 31.25 31.25
156.25 375 31.25 31.25
125 406.25 31.25 31.25
156.25 406.25 31.25 31.25
187.5 375 62.5 62.5
187.5 375 31.25 31.25
218.75 375 31.25 31.25
187.5 406.25 31.25 31.25
218.75 406.25 31.25 31.25
125 437.5 62.5 62.5
125 437.5 31.25 31.25
156.25 437.5 31.25 31.25
125 468.75 31.25 31.25
156.25 468.75 31.25 31.25
187.5 437.5 62.5 62.5
187.5 437.5 31.25 31.25
218.75 437.5 31.25 31.25
187.5 468.75 31.25 31.25
218.75 468.75 31.25 31.25
250 250 250 250
250 250 125 125
250 250 62.5 62.5
250 250 31.25 31.25
281.25 250 31.25 31.25
250 281.25 31.25 31.25
281.25 281.25 31.25 31.25
312.5 250 62.5 62.5
312.5 250 31.25 31.25
343.75 250 31.25 31.25
312.5 281.25 31.25 31.25
343.75 281.25 31.25 31.25
250 312.5 62.5 62.5
250 312.5 31.25 31.25
281.25 312.5 31.25 31.25
250 343.75 31.25 31.25
281.25 343.75 31.25 31.25
312.5 312.5 62.5 62.5
312.5 312.5 31.25 31.25
343.75 312.5 31.25 31.25
312.5 343.75 31.25 31.25
343.75 343.75 31.25 31.25
375 250 125 125
375 250 62.5 62.5
375 250 31.25 31.25
406.25 250 31.25 31.25
375 281.25 31.25 31.25
406.25 281.25 31.25 31.25
437.5 250 62.5 62.5
437.5 250 31.25 31.25
468.75 250 31.25 31.25
437.5 281.25 31.25 31.25
468.75 281.25 31.25 31.25
375 312.5 62.5 62.5
375 312.5 31.25 31.25
406.25 312.5 31.25 31.25
375 343.75 31.25 31.25
406.25 343.75 31.25 31.25
437.5 312.5 62.5 62.5
437.5 312.5 31.25 31.25
468.75 312.5 31.25 31.25
437.5 343.75 31.25 31.25
468.75 343.75 31.25 31.25
250 375 125 125
250 375 62.5 62.5
250 375 31.25 31.25
281.25 375 31.25 31.25
250 406.25 31.25 31.25
281.25 406.25 31.25 31.25
312.5 375 62.5 62.5
312.5 375 31.25 31.25
343.75 375 31.25 31.25
312.5 406.25 31.25 31.25
343.75 406.25 31.25 31.25
250 437.5 62.5 62.5
250 437.5 31.25 31.25
281.25 437.5 31.25 31.25
250 468.75 31.25 31.25
281.25 468.75 31.25 31.25
312.5 437.5 62.5 62.5
312.5 437.5 31.25 31.25
343.75 437.5 31.25 31.25
312.5 468.75 31.25 31.25
343.75 468.75 31.25 31.25
375 375 125 125
375 375 62.5 62.5
375 375 31.25 31.25
406.25 375 31.25 31.25
375 406.25 31.25 31.25
406.25 406.25 31.25 31.25
437.5 375 62.5 62.5
437.5 375 31.25 31.25
468.75 375 31.25 31.25
437.5 406.25 31.25 31.25
468.75 406.25 31.25 31.25
375 437.5 62.5 62.5
375 437.5 31.25 31.25
406.25 437.5 31.25 31.25
375 468.75 31.25 31.25
406.25 468.75 31.25 31.25
437.5 437.5 62.5 62.5
437.5 437.5 31.25 31.25
468.75 437.5 31.25 31.25
437.5 468.75 31.25 31.25
468.75 468.75 31.25 31.25
500 0 500 500
0 500 500 500
500 500 500 500
